0.000000,0.000000,0.000000
0.012460,0.000000,0.012658
0.024459,0.000000,0.025316
0.035122,0.000000,0.037975
0.043658,0.000000,0.050633
0.049450,0.000000,0.063291
0.052126,0.000000,0.075949
0.051609,0.000000,0.088608
0.048141,0.000000,0.101266
0.042282,0.000000,0.113924
0.040611,0.000000,0.126582
0.055919,0.000000,0.139241
0.070528,0.000000,0.151899
0.083248,0.000000,0.164557
0.092990,0.000000,0.177215
0.098880,0.000000,0.189873
0.100355,0.000000,0.202532
0.097249,0.000000,0.215190
0.089833,0.000000,0.227848
0.078827,0.000000,0.240506
0.082842,0.000000,0.253165
0.104382,0.000000,0.265823
0.125113,0.000000,0.278481
0.143179,0.000000,0.291139
0.156757,0.000000,0.303797
0.164208,0.000000,0.316456
0.164226,0.000000,0.329114
0.155968,0.000000,0.341772
0.139142,0.000000,0.354430
0.114069,0.000000,0.367089
0.136707,0.000000,0.379747
0.181755,0.000000,0.392405
0.230549,0.000000,0.405063
0.280704,0.000000,0.417722
0.329632,0.000000,0.430380
0.374709,0.000000,0.443038
0.413472,0.000000,0.455696
0.443787,0.000000,0.468354
0.464007,0.000000,0.481013
0.473095,0.000000,0.493671
0.473095,0.000000,0.506329
0.464007,0.000000,0.518987
0.443787,0.000000,0.531646
0.413472,0.000000,0.544304
0.374709,0.000000,0.556962
0.329632,0.000000,0.569620
0.280704,0.000000,0.582278
0.230549,0.000000,0.594937
0.181755,0.000000,0.607595
0.136707,0.000000,0.620253
0.114069,0.000000,0.632911
0.139142,0.000000,0.645570
0.155968,0.000000,0.658228
0.164226,0.000000,0.670886
0.164208,0.000000,0.683544
0.156757,0.000000,0.696203
0.143179,0.000000,0.708861
0.125113,0.000000,0.721519
0.104382,0.000000,0.734177
0.082842,0.000000,0.746835
0.078827,0.000000,0.759494
0.089833,0.000000,0.772152
0.097249,0.000000,0.784810
0.100355,0.000000,0.797468
0.098880,0.000000,0.810127
0.092990,0.000000,0.822785
0.083248,0.000000,0.835443
0.070528,0.000000,0.848101
0.055919,0.000000,0.860759
0.040611,0.000000,0.873418
0.042282,0.000000,0.886076
0.048141,0.000000,0.898734
0.051609,0.000000,0.911392
0.052126,0.000000,0.924051
0.049450,0.000000,0.936709
0.043658,0.000000,0.949367
0.035122,0.000000,0.962025
0.024459,0.000000,0.974684
0.012460,0.000000,0.987342
0.000000,0.000000,1.000000
0.000000,0.000000,0.000000
0.012168,0.002678,0.012658
0.023888,0.005258,0.025316
0.034301,0.007550,0.037975
0.042637,0.009385,0.050633
0.048294,0.010630,0.063291
0.050908,0.011206,0.075949
0.050402,0.011094,0.088608
0.047016,0.010349,0.101266
0.041294,0.009089,0.113924
0.039661,0.008730,0.126582
0.054612,0.012021,0.139241
0.068879,0.015161,0.151899
0.081302,0.017896,0.164557
0.090816,0.019990,0.177215
0.096568,0.021256,0.189873
0.098009,0.021573,0.202532
0.094975,0.020906,0.215190
0.087733,0.019311,0.227848
0.076985,0.016946,0.240506
0.080905,0.017809,0.253165
0.101942,0.022439,0.265823
0.122188,0.026896,0.278481
0.139832,0.030779,0.291139
0.153092,0.033698,0.303797
0.160368,0.035300,0.316456
0.160387,0.035304,0.329114
0.152321,0.033528,0.341772
0.135889,0.029911,0.354430
0.111403,0.024522,0.367089
0.133511,0.029388,0.379747
0.177506,0.039072,0.392405
0.225158,0.049561,0.405063
0.274142,0.060343,0.417722
0.321925,0.070861,0.430380
0.365949,0.080551,0.443038
0.403805,0.088884,0.455696
0.433411,0.095401,0.468354
0.453159,0.099748,0.481013
0.462035,0.101701,0.493671
0.462035,0.101701,0.506329
0.453159,0.099748,0.518987
0.433411,0.095401,0.531646
0.403805,0.088884,0.544304
0.365949,0.080551,0.556962
0.321925,0.070861,0.569620
0.274142,0.060343,0.582278
0.225158,0.049561,0.594937
0.177506,0.039072,0.607595
0.133511,0.029388,0.620253
0.111403,0.024522,0.632911
0.135889,0.029911,0.645570
0.152321,0.033528,0.658228
0.160387,0.035304,0.670886
0.160368,0.035300,0.683544
0.153092,0.033698,0.696203
0.139832,0.030779,0.708861
0.122188,0.026896,0.721519
0.101942,0.022439,0.734177
0.080905,0.017809,0.746835
0.076985,0.016946,0.759494
0.087733,0.019311,0.772152
0.094975,0.020906,0.784810
0.098009,0.021573,0.797468
0.096568,0.021256,0.810127
0.090816,0.019990,0.822785
0.081302,0.017896,0.835443
0.068879,0.015161,0.848101
0.054612,0.012021,0.860759
0.039661,0.008730,0.873418
0.041294,0.009089,0.886076
0.047016,0.010349,0.898734
0.050402,0.011094,0.911392
0.050908,0.011206,0.924051
0.048294,0.010630,0.936709
0.042637,0.009385,0.949367
0.034301,0.007550,0.962025
0.023888,0.005258,0.974684
0.012168,0.002678,0.987342
0.000000,0.000000,1.000000
0.000000,0.000000,0.000000
0.011308,0.005232,0.012658
0.022199,0.010270,0.025316
0.031876,0.014747,0.037975
0.039623,0.018331,0.050633
0.044880,0.020764,0.063291
0.047308,0.021887,0.075949
0.046839,0.021670,0.088608
0.043692,0.020214,0.101266
0.038374,0.017754,0.113924
0.036857,0.017052,0.126582
0.050751,0.023480,0.139241
0.064010,0.029614,0.151899
0.075554,0.034955,0.164557
0.084396,0.039046,0.177215
0.089741,0.041518,0.189873
0.091080,0.042138,0.202532
0.088261,0.040834,0.215190
0.081530,0.037720,0.227848
0.071542,0.033099,0.240506
0.075185,0.034784,0.253165
0.094734,0.043829,0.265823
0.113550,0.052534,0.278481
0.129946,0.060119,0.291139
0.142269,0.065821,0.303797
0.149031,0.068949,0.316456
0.149048,0.068957,0.329114
0.141552,0.065489,0.341772
0.126282,0.058424,0.354430
0.103527,0.047896,0.367089
0.124072,0.057402,0.379747
0.164957,0.076317,0.392405
0.209240,0.096805,0.405063
0.254760,0.117865,0.417722
0.299166,0.138409,0.430380
0.340077,0.157336,0.443038
0.375257,0.173612,0.455696
0.402770,0.186341,0.468354
0.421121,0.194832,0.481013
0.429370,0.198648,0.493671
0.429370,0.198648,0.506329
0.421121,0.194832,0.518987
0.402770,0.186341,0.531646
0.375257,0.173612,0.544304
0.340077,0.157336,0.556962
0.299166,0.138409,0.569620
0.254760,0.117865,0.582278
0.209240,0.096805,0.594937
0.164957,0.076317,0.607595
0.124072,0.057402,0.620253
0.103527,0.047896,0.632911
0.126282,0.058424,0.645570
0.141552,0.065489,0.658228
0.149048,0.068957,0.670886
0.149031,0.068949,0.683544
0.142269,0.065821,0.696203
0.129946,0.060119,0.708861
0.113550,0.052534,0.721519
0.094734,0.043829,0.734177
0.075185,0.034784,0.746835
0.071542,0.033099,0.759494
0.081530,0.037720,0.772152
0.088261,0.040834,0.784810
0.091080,0.042138,0.797468
0.089741,0.041518,0.810127
0.084396,0.039046,0.822785
0.075554,0.034955,0.835443
0.064010,0.029614,0.848101
0.050751,0.023480,0.860759
0.036857,0.017052,0.873418
0.038374,0.017754,0.886076
0.043692,0.020214,0.898734
0.046839,0.021670,0.911392
0.047308,0.021887,0.924051
0.044880,0.020764,0.936709
0.039623,0.018331,0.949367
0.031876,0.014747,0.962025
0.022199,0.010270,0.974684
0.011308,0.005232,0.987342
0.000000,0.000000,1.000000
0.000000,0.000000,0.000000
0.009919,0.007540,0.012658
0.019472,0.014802,0.025316
0.027960,0.021255,0.037975
0.034756,0.026421,0.050633
0.039367,0.029926,0.063291
0.041497,0.031545,0.075949
0.041085,0.031232,0.088608
0.038325,0.029134,0.101266
0.033661,0.025588,0.113924
0.032330,0.024577,0.126582
0.044517,0.033841,0.139241
0.056147,0.042682,0.151899
0.066273,0.050380,0.164557
0.074029,0.056275,0.177215
0.078717,0.059839,0.189873
0.079892,0.060732,0.202532
0.077419,0.058853,0.215190
0.071515,0.054364,0.227848
0.062754,0.047704,0.240506
0.065950,0.050134,0.253165
0.083098,0.063169,0.265823
0.099602,0.075715,0.278481
0.113984,0.086648,0.291139
0.124793,0.094865,0.303797
0.130725,0.099374,0.316456
0.130739,0.099386,0.329114
0.124165,0.094388,0.341772
0.110770,0.084205,0.354430
0.090810,0.069032,0.367089
0.108832,0.082732,0.379747
0.144694,0.109994,0.392405
0.183538,0.139522,0.405063
0.223467,0.169875,0.417722
0.262418,0.199485,0.430380
0.298304,0.226764,0.443038
0.329162,0.250223,0.455696
0.353295,0.268568,0.468354
0.369393,0.280805,0.481013
0.376628,0.286305,0.493671
0.376628,0.286305,0.506329
0.369393,0.280805,0.518987
0.353295,0.268568,0.531646
0.329162,0.250223,0.544304
0.298304,0.226764,0.556962
0.262418,0.199485,0.569620
0.223467,0.169875,0.582278
0.183538,0.139522,0.594937
0.144694,0.109994,0.607595
0.108832,0.082732,0.620253
0.090810,0.069032,0.632911
0.110770,0.084205,0.645570
0.124165,0.094388,0.658228
0.130739,0.099386,0.670886
0.130725,0.099374,0.683544
0.124793,0.094865,0.696203
0.113984,0.086648,0.708861
0.099602,0.075715,0.721519
0.083098,0.063169,0.734177
0.065950,0.050134,0.746835
0.062754,0.047704,0.759494
0.071515,0.054364,0.772152
0.077419,0.058853,0.784810
0.079892,0.060732,0.797468
0.078717,0.059839,0.810127
0.074029,0.056275,0.822785
0.066273,0.050380,0.835443
0.056147,0.042682,0.848101
0.044517,0.033841,0.860759
0.032330,0.024577,0.873418
0.033661,0.025588,0.886076
0.038325,0.029134,0.898734
0.041085,0.031232,0.911392
0.041497,0.031545,0.924051
0.039367,0.029926,0.936709
0.034756,0.026421,0.949367
0.027960,0.021255,0.962025
0.019472,0.014802,0.974684
0.009919,0.007540,0.987342
0.000000,0.000000,1.000000
0.000000,0.000000,0.000000
0.008066,0.009496,0.012658
0.015835,0.018642,0.025316
0.022737,0.026769,0.037975
0.028263,0.033274,0.050633
0.032013,0.037689,0.063291
0.033746,0.039729,0.075949
0.033411,0.039334,0.088608
0.031166,0.036691,0.101266
0.027373,0.032226,0.113924
0.026291,0.030952,0.126582
0.036201,0.042619,0.139241
0.045659,0.053754,0.151899
0.053894,0.063449,0.164557
0.060201,0.070874,0.177215
0.064013,0.075362,0.189873
0.064969,0.076487,0.202532
0.062958,0.074120,0.215190
0.058157,0.068467,0.227848
0.051032,0.060079,0.240506
0.053631,0.063139,0.253165
0.067575,0.079556,0.265823
0.080996,0.095356,0.278481
0.092692,0.109126,0.291139
0.101482,0.119474,0.303797
0.106306,0.125153,0.316456
0.106318,0.125167,0.329114
0.100971,0.118873,0.341772
0.090078,0.106049,0.354430
0.073847,0.086939,0.367089
0.088503,0.104193,0.379747
0.117666,0.138527,0.392405
0.149254,0.175715,0.405063
0.181724,0.213942,0.417722
0.213399,0.251233,0.430380
0.242582,0.285589,0.443038
0.267676,0.315133,0.455696
0.287301,0.338237,0.468354
0.300392,0.353649,0.481013
0.306275,0.360575,0.493671
0.306275,0.360575,0.506329
0.300392,0.353649,0.518987
0.287301,0.338237,0.531646
0.267676,0.315133,0.544304
0.242582,0.285589,0.556962
0.213399,0.251233,0.569620
0.181724,0.213942,0.582278
0.149254,0.175715,0.594937
0.117666,0.138527,0.607595
0.088503,0.104193,0.620253
0.073847,0.086939,0.632911
0.090078,0.106049,0.645570
0.100971,0.118873,0.658228
0.106318,0.125167,0.670886
0.106306,0.125153,0.683544
0.101482,0.119474,0.696203
0.092692,0.109126,0.708861
0.080996,0.095356,0.721519
0.067575,0.079556,0.734177
0.053631,0.063139,0.746835
0.051032,0.060079,0.759494
0.058157,0.068467,0.772152
0.062958,0.074120,0.784810
0.064969,0.076487,0.797468
0.064013,0.075362,0.810127
0.060201,0.070874,0.822785
0.053894,0.063449,0.835443
0.045659,0.053754,0.848101
0.036201,0.042619,0.860759
0.026291,0.030952,0.873418
0.027373,0.032226,0.886076
0.031166,0.036691,0.898734
0.033411,0.039334,0.911392
0.033746,0.039729,0.924051
0.032013,0.037689,0.936709
0.028263,0.033274,0.949367
0.022737,0.026769,0.962025
0.015835,0.018642,0.974684
0.008066,0.009496,0.987342
0.000000,0.000000,1.000000
0.000000,0.000000,0.000000
0.005836,0.011008,0.012658
0.011457,0.021610,0.025316
0.016451,0.031031,0.037975
0.020450,0.038572,0.050633
0.023163,0.043690,0.063291
0.024416,0.046054,0.075949
0.024174,0.045597,0.088608
0.022550,0.042533,0.101266
0.019805,0.037357,0.113924
0.019022,0.035880,0.126582
0.026193,0.049405,0.139241
0.033036,0.062312,0.151899
0.038994,0.073551,0.164557
0.043558,0.082158,0.177215
0.046316,0.087361,0.189873
0.047007,0.088665,0.202532
0.045552,0.085921,0.215190
0.042078,0.079368,0.227848
0.036923,0.069645,0.240506
0.038804,0.073192,0.253165
0.048893,0.092223,0.265823
0.058604,0.110539,0.278481
0.067066,0.126501,0.291139
0.073426,0.138497,0.303797
0.076916,0.145079,0.316456
0.076925,0.145096,0.329114
0.073057,0.137799,0.341772
0.065175,0.122933,0.354430
0.053431,0.100782,0.367089
0.064035,0.120783,0.379747
0.085136,0.160583,0.392405
0.107991,0.203692,0.405063
0.131484,0.248006,0.417722
0.154402,0.291234,0.430380
0.175517,0.331060,0.443038
0.193674,0.365308,0.455696
0.207873,0.392091,0.468354
0.217345,0.409956,0.481013
0.221602,0.417985,0.493671
0.221602,0.417985,0.506329
0.217345,0.409956,0.518987
0.207873,0.392091,0.531646
0.193674,0.365308,0.544304
0.175517,0.331060,0.556962
0.154402,0.291234,0.569620
0.131484,0.248006,0.582278
0.107991,0.203692,0.594937
0.085136,0.160583,0.607595
0.064035,0.120783,0.620253
0.053431,0.100782,0.632911
0.065175,0.122933,0.645570
0.073057,0.137799,0.658228
0.076925,0.145096,0.670886
0.076916,0.145079,0.683544
0.073426,0.138497,0.696203
0.067066,0.126501,0.708861
0.058604,0.110539,0.721519
0.048893,0.092223,0.734177
0.038804,0.073192,0.746835
0.036923,0.069645,0.759494
0.042078,0.079368,0.772152
0.045552,0.085921,0.784810
0.047007,0.088665,0.797468
0.046316,0.087361,0.810127
0.043558,0.082158,0.822785
0.038994,0.073551,0.835443
0.033036,0.062312,0.848101
0.026193,0.049405,0.860759
0.019022,0.035880,0.873418
0.019805,0.037357,0.886076
0.022550,0.042533,0.898734
0.024174,0.045597,0.911392
0.024416,0.046054,0.924051
0.023163,0.043690,0.936709
0.020450,0.038572,0.949367
0.016451,0.031031,0.962025
0.011457,0.021610,0.974684
0.005836,0.011008,0.987342
0.000000,0.000000,1.000000
0.000000,0.000000,0.000000
0.003333,0.012006,0.012658
0.006544,0.023568,0.025316
0.009396,0.033842,0.037975
0.011680,0.042067,0.050633
0.013229,0.047648,0.063291
0.013945,0.050226,0.075949
0.013807,0.049728,0.088608
0.012879,0.046386,0.101266
0.011312,0.040741,0.113924
0.010865,0.039131,0.126582
0.014960,0.053881,0.139241
0.018868,0.067957,0.151899
0.022271,0.080214,0.164557
0.024878,0.089601,0.177215
0.026453,0.095275,0.189873
0.026848,0.096697,0.202532
0.026017,0.093704,0.215190
0.024033,0.086558,0.227848
0.021089,0.075954,0.240506
0.022163,0.079822,0.253165
0.027925,0.100577,0.265823
0.033471,0.120553,0.278481
0.038305,0.137960,0.291139
0.041937,0.151043,0.303797
0.043930,0.158222,0.316456
0.043935,0.158240,0.329114
0.041726,0.150283,0.341772
0.037224,0.134070,0.354430
0.030517,0.109912,0.367089
0.036573,0.131724,0.379747
0.048625,0.175130,0.392405
0.061678,0.222145,0.405063
0.075096,0.270473,0.417722
0.088186,0.317617,0.430380
0.100245,0.361051,0.443038
0.110615,0.398401,0.455696
0.118725,0.427611,0.468354
0.124135,0.447094,0.481013
0.126566,0.455851,0.493671
0.126566,0.455851,0.506329
0.124135,0.447094,0.518987
0.118725,0.427611,0.531646
0.110615,0.398401,0.544304
0.100245,0.361051,0.556962
0.088186,0.317617,0.569620
0.075096,0.270473,0.582278
0.061678,0.222145,0.594937
0.048625,0.175130,0.607595
0.036573,0.131724,0.620253
0.030517,0.109912,0.632911
0.037224,0.134070,0.645570
0.041726,0.150283,0.658228
0.043935,0.158240,0.670886
0.043930,0.158222,0.683544
0.041937,0.151043,0.696203
0.038305,0.137960,0.708861
0.033471,0.120553,0.721519
0.027925,0.100577,0.734177
0.022163,0.079822,0.746835
0.021089,0.075954,0.759494
0.024033,0.086558,0.772152
0.026017,0.093704,0.784810
0.026848,0.096697,0.797468
0.026453,0.095275,0.810127
0.024878,0.089601,0.822785
0.022271,0.080214,0.835443
0.018868,0.067957,0.848101
0.014960,0.053881,0.860759
0.010865,0.039131,0.873418
0.011312,0.040741,0.886076
0.012879,0.046386,0.898734
0.013807,0.049728,0.911392
0.013945,0.050226,0.924051
0.013229,0.047648,0.936709
0.011680,0.042067,0.949367
0.009396,0.033842,0.962025
0.006544,0.023568,0.974684
0.003333,0.012006,0.987342
0.000000,0.000000,1.000000
0.000000,0.000000,0.000000
0.000675,0.012441,0.012658
0.001324,0.024424,0.025316
0.001901,0.035070,0.037975
0.002364,0.043594,0.050633
0.002677,0.049378,0.063291
0.002822,0.052050,0.075949
0.002794,0.051533,0.088608
0.002606,0.048071,0.101266
0.002289,0.042220,0.113924
0.002199,0.040551,0.126582
0.003027,0.055837,0.139241
0.003818,0.070425,0.151899
0.004507,0.083126,0.164557
0.005034,0.092854,0.177215
0.005353,0.098735,0.189873
0.005433,0.100208,0.202532
0.005265,0.097106,0.215190
0.004863,0.089701,0.227848
0.004268,0.078712,0.240506
0.004485,0.082721,0.253165
0.005651,0.104229,0.265823
0.006773,0.124930,0.278481
0.007752,0.142969,0.291139
0.008487,0.156527,0.303797
0.008890,0.163967,0.316456
0.008891,0.163985,0.329114
0.008444,0.155739,0.341772
0.007533,0.138938,0.354430
0.006176,0.113902,0.367089
0.007401,0.136507,0.379747
0.009840,0.181489,0.392405
0.012482,0.230210,0.405063
0.015197,0.280293,0.417722
0.017846,0.329148,0.430380
0.020286,0.374160,0.443038
0.022385,0.412866,0.455696
0.024026,0.443136,0.468354
0.025121,0.463327,0.481013
0.025613,0.472401,0.493671
0.025613,0.472401,0.506329
0.025121,0.463327,0.518987
0.024026,0.443136,0.531646
0.022385,0.412866,0.544304
0.020286,0.374160,0.556962
0.017846,0.329148,0.569620
0.015197,0.280293,0.582278
0.012482,0.230210,0.594937
0.009840,0.181489,0.607595
0.007401,0.136507,0.620253
0.006176,0.113902,0.632911
0.007533,0.138938,0.645570
0.008444,0.155739,0.658228
0.008891,0.163985,0.670886
0.008890,0.163967,0.683544
0.008487,0.156527,0.696203
0.007752,0.142969,0.708861
0.006773,0.124930,0.721519
0.005651,0.104229,0.734177
0.004485,0.082721,0.746835
0.004268,0.078712,0.759494
0.004863,0.089701,0.772152
0.005265,0.097106,0.784810
0.005433,0.100208,0.797468
0.005353,0.098735,0.810127
0.005034,0.092854,0.822785
0.004507,0.083126,0.835443
0.003818,0.070425,0.848101
0.003027,0.055837,0.860759
0.002199,0.040551,0.873418
0.002289,0.042220,0.886076
0.002606,0.048071,0.898734
0.002794,0.051533,0.911392
0.002822,0.052050,0.924051
0.002677,0.049378,0.936709
0.002364,0.043594,0.949367
0.001901,0.035070,0.962025
0.001324,0.024424,0.974684
0.000675,0.012441,0.987342
0.000000,0.000000,1.000000
-0.000000,0.000000,0.000000
-0.002016,0.012296,0.012658
-0.003957,0.024137,0.025316
-0.005682,0.034659,0.037975
-0.007063,0.043083,0.050633
-0.008000,0.048799,0.063291
-0.008433,0.051440,0.075949
-0.008349,0.050929,0.088608
-0.007788,0.047507,0.101266
-0.006840,0.041725,0.113924
-0.006570,0.040076,0.126582
-0.009047,0.055182,0.139241
-0.011410,0.069599,0.151899
-0.013468,0.082152,0.164557
-0.015044,0.091765,0.177215
-0.015997,0.097577,0.189873
-0.016236,0.099033,0.202532
-0.015733,0.095968,0.215190
-0.014533,0.088649,0.227848
-0.012753,0.077789,0.240506
-0.013402,0.081751,0.253165
-0.016887,0.103007,0.265823
-0.020241,0.123465,0.278481
-0.023164,0.141293,0.291139
-0.025360,0.154692,0.303797
-0.026566,0.162044,0.316456
-0.026569,0.162063,0.329114
-0.025233,0.153913,0.341772
-0.022511,0.137309,0.354430
-0.018454,0.112567,0.367089
-0.022117,0.134907,0.379747
-0.029405,0.179361,0.392405
-0.037299,0.227511,0.405063
-0.045413,0.277007,0.417722
-0.053328,0.325289,0.430380
-0.060621,0.369773,0.443038
-0.066892,0.408025,0.455696
-0.071797,0.437940,0.468354
-0.075068,0.457895,0.481013
-0.076538,0.466863,0.493671
-0.076538,0.466863,0.506329
-0.075068,0.457895,0.518987
-0.071797,0.437940,0.531646
-0.066892,0.408025,0.544304
-0.060621,0.369773,0.556962
-0.053328,0.325289,0.569620
-0.045413,0.277007,0.582278
-0.037299,0.227511,0.594937
-0.029405,0.179361,0.607595
-0.022117,0.134907,0.620253
-0.018454,0.112567,0.632911
-0.022511,0.137309,0.645570
-0.025233,0.153913,0.658228
-0.026569,0.162063,0.670886
-0.026566,0.162044,0.683544
-0.025360,0.154692,0.696203
-0.023164,0.141293,0.708861
-0.020241,0.123465,0.721519
-0.016887,0.103007,0.734177
-0.013402,0.081751,0.746835
-0.012753,0.077789,0.759494
-0.014533,0.088649,0.772152
-0.015733,0.095968,0.784810
-0.016236,0.099033,0.797468
-0.015997,0.097577,0.810127
-0.015044,0.091765,0.822785
-0.013468,0.082152,0.835443
-0.011410,0.069599,0.848101
-0.009047,0.055182,0.860759
-0.006570,0.040076,0.873418
-0.006840,0.041725,0.886076
-0.007788,0.047507,0.898734
-0.008349,0.050929,0.911392
-0.008433,0.051440,0.924051
-0.008000,0.048799,0.936709
-0.007063,0.043083,0.949367
-0.005682,0.034659,0.962025
-0.003957,0.024137,0.974684
-0.002016,0.012296,0.987342
-0.000000,0.000000,1.000000
-0.000000,0.000000,0.000000
-0.004612,0.011575,0.012658
-0.009053,0.022722,0.025316
-0.013000,0.032627,0.037975
-0.016159,0.040557,0.050633
-0.018303,0.045938,0.063291
-0.019294,0.048424,0.075949
-0.019102,0.047943,0.088608
-0.017819,0.044722,0.101266
-0.015650,0.039279,0.113924
-0.015032,0.037726,0.126582
-0.020698,0.051948,0.139241
-0.026105,0.065519,0.151899
-0.030813,0.077336,0.164557
-0.034419,0.086386,0.177215
-0.036599,0.091857,0.189873
-0.037145,0.093228,0.202532
-0.035996,0.090342,0.215190
-0.033251,0.083453,0.227848
-0.029177,0.073229,0.240506
-0.030663,0.076958,0.253165
-0.038636,0.096968,0.265823
-0.046309,0.116227,0.278481
-0.052996,0.133010,0.291139
-0.058022,0.145624,0.303797
-0.060779,0.152545,0.316456
-0.060786,0.152562,0.329114
-0.057730,0.144890,0.341772
-0.051502,0.129259,0.354430
-0.042221,0.105968,0.367089
-0.050601,0.126998,0.379747
-0.067275,0.168846,0.392405
-0.085335,0.214174,0.405063
-0.103899,0.260768,0.417722
-0.122009,0.306220,0.430380
-0.138694,0.348096,0.443038
-0.153042,0.384106,0.455696
-0.164262,0.412267,0.468354
-0.171747,0.431052,0.481013
-0.175111,0.439494,0.493671
-0.175111,0.439494,0.506329
-0.171747,0.431052,0.518987
-0.164262,0.412267,0.531646
-0.153042,0.384106,0.544304
-0.138694,0.348096,0.556962
-0.122009,0.306220,0.569620
-0.103899,0.260768,0.582278
-0.085335,0.214174,0.594937
-0.067275,0.168846,0.607595
-0.050601,0.126998,0.620253
-0.042221,0.105968,0.632911
-0.051502,0.129259,0.645570
-0.057730,0.144890,0.658228
-0.060786,0.152562,0.670886
-0.060779,0.152545,0.683544
-0.058022,0.145624,0.696203
-0.052996,0.133010,0.708861
-0.046309,0.116227,0.721519
-0.038636,0.096968,0.734177
-0.030663,0.076958,0.746835
-0.029177,0.073229,0.759494
-0.033251,0.083453,0.772152
-0.035996,0.090342,0.784810
-0.037145,0.093228,0.797468
-0.036599,0.091857,0.810127
-0.034419,0.086386,0.822785
-0.030813,0.077336,0.835443
-0.026105,0.065519,0.848101
-0.020698,0.051948,0.860759
-0.015032,0.037726,0.873418
-0.015650,0.039279,0.886076
-0.017819,0.044722,0.898734
-0.019102,0.047943,0.911392
-0.019294,0.048424,0.924051
-0.018303,0.045938,0.936709
-0.016159,0.040557,0.949367
-0.013000,0.032627,0.962025
-0.009053,0.022722,0.974684
-0.004612,0.011575,0.987342
-0.000000,0.000000,1.000000
-0.000000,0.000000,0.000000
-0.006992,0.010313,0.012658
-0.013726,0.020245,0.025316
-0.019710,0.029070,0.037975
-0.024500,0.036135,0.050633
-0.027751,0.040929,0.063291
-0.029253,0.043144,0.075949
-0.028962,0.042716,0.088608
-0.027016,0.039846,0.101266
-0.023728,0.034997,0.113924
-0.022790,0.033613,0.126582
-0.031381,0.046284,0.139241
-0.039579,0.058375,0.151899
-0.046718,0.068904,0.164557
-0.052185,0.076967,0.177215
-0.055490,0.081842,0.189873
-0.056318,0.083063,0.202532
-0.054575,0.080492,0.215190
-0.050413,0.074354,0.227848
-0.044237,0.065245,0.240506
-0.046490,0.068567,0.253165
-0.058578,0.086396,0.265823
-0.070212,0.103555,0.278481
-0.080350,0.118508,0.291139
-0.087970,0.129746,0.303797
-0.092151,0.135913,0.316456
-0.092162,0.135928,0.329114
-0.087527,0.129093,0.341772
-0.078085,0.115166,0.354430
-0.064014,0.094414,0.367089
-0.076718,0.113151,0.379747
-0.101999,0.150437,0.392405
-0.129381,0.190822,0.405063
-0.157528,0.232336,0.417722
-0.184985,0.272833,0.430380
-0.210282,0.310143,0.443038
-0.232035,0.342226,0.455696
-0.249047,0.367317,0.468354
-0.260395,0.384054,0.481013
-0.265495,0.391576,0.493671
-0.265495,0.391576,0.506329
-0.260395,0.384054,0.518987
-0.249047,0.367317,0.531646
-0.232035,0.342226,0.544304
-0.210282,0.310143,0.556962
-0.184985,0.272833,0.569620
-0.157528,0.232336,0.582278
-0.129381,0.190822,0.594937
-0.101999,0.150437,0.607595
-0.076718,0.113151,0.620253
-0.064014,0.094414,0.632911
-0.078085,0.115166,0.645570
-0.087527,0.129093,0.658228
-0.092162,0.135928,0.670886
-0.092151,0.135913,0.683544
-0.087970,0.129746,0.696203
-0.080350,0.118508,0.708861
-0.070212,0.103555,0.721519
-0.058578,0.086396,0.734177
-0.046490,0.068567,0.746835
-0.044237,0.065245,0.759494
-0.050413,0.074354,0.772152
-0.054575,0.080492,0.784810
-0.056318,0.083063,0.797468
-0.055490,0.081842,0.810127
-0.052185,0.076967,0.822785
-0.046718,0.068904,0.835443
-0.039579,0.058375,0.848101
-0.031381,0.046284,0.860759
-0.022790,0.033613,0.873418
-0.023728,0.034997,0.886076
-0.027016,0.039846,0.898734
-0.028962,0.042716,0.911392
-0.029253,0.043144,0.924051
-0.027751,0.040929,0.936709
-0.024500,0.036135,0.949367
-0.019710,0.029070,0.962025
-0.013726,0.020245,0.974684
-0.006992,0.010313,0.987342
-0.000000,0.000000,1.000000
-0.000000,0.000000,0.000000
-0.009046,0.008569,0.012658
-0.017757,0.016821,0.025316
-0.025498,0.024153,0.037975
-0.031695,0.030023,0.050633
-0.035901,0.034007,0.063291
-0.037843,0.035847,0.075949
-0.037468,0.035491,0.088608
-0.034950,0.033107,0.101266
-0.030697,0.029077,0.113924
-0.029483,0.027928,0.126582
-0.040597,0.038456,0.139241
-0.051203,0.048502,0.151899
-0.060438,0.057250,0.164557
-0.067511,0.063950,0.177215
-0.071786,0.067999,0.189873
-0.072857,0.069014,0.202532
-0.070602,0.066878,0.215190
-0.065218,0.061778,0.227848
-0.057228,0.054210,0.240506
-0.060143,0.056970,0.253165
-0.075781,0.071783,0.265823
-0.090831,0.086040,0.278481
-0.103948,0.098464,0.291139
-0.113805,0.107802,0.303797
-0.119214,0.112925,0.316456
-0.119228,0.112938,0.329114
-0.113232,0.107259,0.341772
-0.101016,0.095688,0.354430
-0.082814,0.078445,0.367089
-0.099249,0.094014,0.379747
-0.131953,0.124993,0.392405
-0.167377,0.158548,0.405063
-0.203790,0.193040,0.417722
-0.239311,0.226688,0.430380
-0.272037,0.257687,0.443038
-0.300179,0.284345,0.455696
-0.322187,0.305192,0.468354
-0.336867,0.319097,0.481013
-0.343465,0.325347,0.493671
-0.343465,0.325347,0.506329
-0.336867,0.319097,0.518987
-0.322187,0.305192,0.531646
-0.300179,0.284345,0.544304
-0.272037,0.257687,0.556962
-0.239311,0.226688,0.569620
-0.203790,0.193040,0.582278
-0.167377,0.158548,0.594937
-0.131953,0.124993,0.607595
-0.099249,0.094014,0.620253
-0.082814,0.078445,0.632911
-0.101016,0.095688,0.645570
-0.113232,0.107259,0.658228
-0.119228,0.112938,0.670886
-0.119214,0.112925,0.683544
-0.113805,0.107802,0.696203
-0.103948,0.098464,0.708861
-0.090831,0.086040,0.721519
-0.075781,0.071783,0.734177
-0.060143,0.056970,0.746835
-0.057228,0.054210,0.759494
-0.065218,0.061778,0.772152
-0.070602,0.066878,0.784810
-0.072857,0.069014,0.797468
-0.071786,0.067999,0.810127
-0.067511,0.063950,0.822785
-0.060438,0.057250,0.835443
-0.051203,0.048502,0.848101
-0.040597,0.038456,0.860759
-0.029483,0.027928,0.873418
-0.030697,0.029077,0.886076
-0.034950,0.033107,0.898734
-0.037468,0.035491,0.911392
-0.037843,0.035847,0.924051
-0.035901,0.034007,0.936709
-0.031695,0.030023,0.949367
-0.025498,0.024153,0.962025
-0.017757,0.016821,0.974684
-0.009046,0.008569,0.987342
-0.000000,0.000000,1.000000
-0.000000,0.000000,0.000000
-0.010676,0.006424,0.012658
-0.020958,0.012610,0.025316
-0.030094,0.018107,0.037975
-0.037409,0.022508,0.050633
-0.042372,0.025494,0.063291
-0.044665,0.026874,0.075949
-0.044221,0.026607,0.088608
-0.041250,0.024819,0.101266
-0.036230,0.021799,0.113924
-0.034798,0.020937,0.126582
-0.047915,0.028829,0.139241
-0.060432,0.036361,0.151899
-0.071332,0.042919,0.164557
-0.079680,0.047942,0.177215
-0.084726,0.050978,0.189873
-0.085990,0.051738,0.202532
-0.083329,0.050137,0.215190
-0.076974,0.046314,0.227848
-0.067544,0.040640,0.240506
-0.070984,0.042710,0.253165
-0.089440,0.053814,0.265823
-0.107204,0.064503,0.278481
-0.122684,0.073817,0.291139
-0.134318,0.080817,0.303797
-0.140702,0.084658,0.316456
-0.140718,0.084667,0.329114
-0.133642,0.080410,0.341772
-0.119225,0.071735,0.354430
-0.097741,0.058809,0.367089
-0.117139,0.070480,0.379747
-0.155738,0.093705,0.392405
-0.197547,0.118860,0.405063
-0.240524,0.144718,0.417722
-0.282447,0.169943,0.430380
-0.321072,0.193183,0.443038
-0.354286,0.213167,0.455696
-0.380262,0.228796,0.468354
-0.397588,0.239221,0.481013
-0.405375,0.243906,0.493671
-0.405375,0.243906,0.506329
-0.397588,0.239221,0.518987
-0.380262,0.228796,0.531646
-0.354286,0.213167,0.544304
-0.321072,0.193183,0.556962
-0.282447,0.169943,0.569620
-0.240524,0.144718,0.582278
-0.197547,0.118860,0.594937
-0.155738,0.093705,0.607595
-0.117139,0.070480,0.620253
-0.097741,0.058809,0.632911
-0.119225,0.071735,0.645570
-0.133642,0.080410,0.658228
-0.140718,0.084667,0.670886
-0.140702,0.084658,0.683544
-0.134318,0.080817,0.696203
-0.122684,0.073817,0.708861
-0.107204,0.064503,0.721519
-0.089440,0.053814,0.734177
-0.070984,0.042710,0.746835
-0.067544,0.040640,0.759494
-0.076974,0.046314,0.772152
-0.083329,0.050137,0.784810
-0.085990,0.051738,0.797468
-0.084726,0.050978,0.810127
-0.079680,0.047942,0.822785
-0.071332,0.042919,0.835443
-0.060432,0.036361,0.848101
-0.047915,0.028829,0.860759
-0.034798,0.020937,0.873418
-0.036230,0.021799,0.886076
-0.041250,0.024819,0.898734
-0.044221,0.026607,0.911392
-0.044665,0.026874,0.924051
-0.042372,0.025494,0.936709
-0.037409,0.022508,0.949367
-0.030094,0.018107,0.962025
-0.020958,0.012610,0.974684
-0.010676,0.006424,0.987342
-0.000000,0.000000,1.000000
-0.000000,0.000000,0.000000
-0.011807,0.003978,0.012658
-0.023179,0.007810,0.025316
-0.033283,0.011214,0.037975
-0.041372,0.013940,0.050633
-0.046862,0.015790,0.063291
-0.049398,0.016644,0.075949
-0.048907,0.016479,0.088608
-0.045621,0.015372,0.101266
-0.040069,0.013501,0.113924
-0.038485,0.012967,0.126582
-0.052992,0.017855,0.139241
-0.066836,0.022520,0.151899
-0.078890,0.026581,0.164557
-0.088123,0.029692,0.177215
-0.093704,0.031572,0.189873
-0.095102,0.032044,0.202532
-0.092158,0.031052,0.215190
-0.085130,0.028684,0.227848
-0.074701,0.025170,0.240506
-0.078505,0.026452,0.253165
-0.098918,0.033329,0.265823
-0.118564,0.039949,0.278481
-0.135684,0.045717,0.291139
-0.148551,0.050053,0.303797
-0.155612,0.052432,0.316456
-0.155630,0.052438,0.329114
-0.147803,0.049801,0.341772
-0.131858,0.044428,0.354430
-0.108098,0.036423,0.367089
-0.129551,0.043651,0.379747
-0.172241,0.058035,0.392405
-0.218480,0.073614,0.405063
-0.266010,0.089629,0.417722
-0.312377,0.105252,0.430380
-0.355095,0.119645,0.443038
-0.391828,0.132022,0.455696
-0.420556,0.141702,0.468354
-0.439718,0.148158,0.481013
-0.448330,0.151060,0.493671
-0.448330,0.151060,0.506329
-0.439718,0.148158,0.518987
-0.420556,0.141702,0.531646
-0.391828,0.132022,0.544304
-0.355095,0.119645,0.556962
-0.312377,0.105252,0.569620
-0.266010,0.089629,0.582278
-0.218480,0.073614,0.594937
-0.172241,0.058035,0.607595
-0.129551,0.043651,0.620253
-0.108098,0.036423,0.632911
-0.131858,0.044428,0.645570
-0.147803,0.049801,0.658228
-0.155630,0.052438,0.670886
-0.155612,0.052432,0.683544
-0.148551,0.050053,0.696203
-0.135684,0.045717,0.708861
-0.118564,0.039949,0.721519
-0.098918,0.033329,0.734177
-0.078505,0.026452,0.746835
-0.074701,0.025170,0.759494
-0.085130,0.028684,0.772152
-0.092158,0.031052,0.784810
-0.095102,0.032044,0.797468
-0.093704,0.031572,0.810127
-0.088123,0.029692,0.822785
-0.078890,0.026581,0.835443
-0.066836,0.022520,0.848101
-0.052992,0.017855,0.860759
-0.038485,0.012967,0.873418
-0.040069,0.013501,0.886076
-0.045621,0.015372,0.898734
-0.048907,0.016479,0.911392
-0.049398,0.016644,0.924051
-0.046862,0.015790,0.936709
-0.041372,0.013940,0.949367
-0.033283,0.011214,0.962025
-0.023179,0.007810,0.974684
-0.011807,0.003978,0.987342
-0.000000,0.000000,1.000000
-0.000000,0.000000,0.000000
-0.012387,0.001347,0.012658
-0.024316,0.002645,0.025316
-0.034916,0.003797,0.037975
-0.043402,0.004720,0.050633
-0.049160,0.005347,0.063291
-0.051821,0.005636,0.075949
-0.051306,0.005580,0.088608
-0.047859,0.005205,0.101266
-0.042034,0.004572,0.113924
-0.040373,0.004391,0.126582
-0.055591,0.006046,0.139241
-0.070115,0.007625,0.151899
-0.082760,0.009001,0.164557
-0.092445,0.010054,0.177215
-0.098300,0.010691,0.189873
-0.099767,0.010850,0.202532
-0.096679,0.010514,0.215190
-0.089306,0.009713,0.227848
-0.078365,0.008523,0.240506
-0.082356,0.008957,0.253165
-0.103770,0.011286,0.265823
-0.124380,0.013527,0.278481
-0.142340,0.015480,0.291139
-0.155838,0.016948,0.303797
-0.163245,0.017754,0.316456
-0.163264,0.017756,0.329114
-0.155053,0.016863,0.341772
-0.138326,0.015044,0.354430
-0.113401,0.012333,0.367089
-0.135906,0.014781,0.379747
-0.180690,0.019651,0.392405
-0.229197,0.024927,0.405063
-0.279059,0.030349,0.417722
-0.327699,0.035639,0.430380
-0.372513,0.040513,0.443038
-0.411048,0.044704,0.455696
-0.441185,0.047982,0.468354
-0.461287,0.050168,0.481013
-0.470322,0.051151,0.493671
-0.470322,0.051151,0.506329
-0.461287,0.050168,0.518987
-0.441185,0.047982,0.531646
-0.411048,0.044704,0.544304
-0.372513,0.040513,0.556962
-0.327699,0.035639,0.569620
-0.279059,0.030349,0.582278
-0.229197,0.024927,0.594937
-0.180690,0.019651,0.607595
-0.135906,0.014781,0.620253
-0.113401,0.012333,0.632911
-0.138326,0.015044,0.645570
-0.155053,0.016863,0.658228
-0.163264,0.017756,0.670886
-0.163245,0.017754,0.683544
-0.155838,0.016948,0.696203
-0.142340,0.015480,0.708861
-0.124380,0.013527,0.721519
-0.103770,0.011286,0.734177
-0.082356,0.008957,0.746835
-0.078365,0.008523,0.759494
-0.089306,0.009713,0.772152
-0.096679,0.010514,0.784810
-0.099767,0.010850,0.797468
-0.098300,0.010691,0.810127
-0.092445,0.010054,0.822785
-0.082760,0.009001,0.835443
-0.070115,0.007625,0.848101
-0.055591,0.006046,0.860759
-0.040373,0.004391,0.873418
-0.042034,0.004572,0.886076
-0.047859,0.005205,0.898734
-0.051306,0.005580,0.911392
-0.051821,0.005636,0.924051
-0.049160,0.005347,0.936709
-0.043402,0.004720,0.949367
-0.034916,0.003797,0.962025
-0.024316,0.002645,0.974684
-0.012387,0.001347,0.987342
-0.000000,0.000000,1.000000
-0.000000,-0.000000,0.000000
-0.012387,-0.001347,0.012658
-0.024316,-0.002645,0.025316
-0.034916,-0.003797,0.037975
-0.043402,-0.004720,0.050633
-0.049160,-0.005347,0.063291
-0.051821,-0.005636,0.075949
-0.051306,-0.005580,0.088608
-0.047859,-0.005205,0.101266
-0.042034,-0.004572,0.113924
-0.040373,-0.004391,0.126582
-0.055591,-0.006046,0.139241
-0.070115,-0.007625,0.151899
-0.082760,-0.009001,0.164557
-0.092445,-0.010054,0.177215
-0.098300,-0.010691,0.189873
-0.099767,-0.010850,0.202532
-0.096679,-0.010514,0.215190
-0.089306,-0.009713,0.227848
-0.078365,-0.008523,0.240506
-0.082356,-0.008957,0.253165
-0.103770,-0.011286,0.265823
-0.124380,-0.013527,0.278481
-0.142340,-0.015480,0.291139
-0.155838,-0.016948,0.303797
-0.163245,-0.017754,0.316456
-0.163264,-0.017756,0.329114
-0.155053,-0.016863,0.341772
-0.138326,-0.015044,0.354430
-0.113401,-0.012333,0.367089
-0.135906,-0.014781,0.379747
-0.180690,-0.019651,0.392405
-0.229197,-0.024927,0.405063
-0.279059,-0.030349,0.417722
-0.327699,-0.035639,0.430380
-0.372513,-0.040513,0.443038
-0.411048,-0.044704,0.455696
-0.441185,-0.047982,0.468354
-0.461287,-0.050168,0.481013
-0.470322,-0.051151,0.493671
-0.470322,-0.051151,0.506329
-0.461287,-0.050168,0.518987
-0.441185,-0.047982,0.531646
-0.411048,-0.044704,0.544304
-0.372513,-0.040513,0.556962
-0.327699,-0.035639,0.569620
-0.279059,-0.030349,0.582278
-0.229197,-0.024927,0.594937
-0.180690,-0.019651,0.607595
-0.135906,-0.014781,0.620253
-0.113401,-0.012333,0.632911
-0.138326,-0.015044,0.645570
-0.155053,-0.016863,0.658228
-0.163264,-0.017756,0.670886
-0.163245,-0.017754,0.683544
-0.155838,-0.016948,0.696203
-0.142340,-0.015480,0.708861
-0.124380,-0.013527,0.721519
-0.103770,-0.011286,0.734177
-0.082356,-0.008957,0.746835
-0.078365,-0.008523,0.759494
-0.089306,-0.009713,0.772152
-0.096679,-0.010514,0.784810
-0.099767,-0.010850,0.797468
-0.098300,-0.010691,0.810127
-0.092445,-0.010054,0.822785
-0.082760,-0.009001,0.835443
-0.070115,-0.007625,0.848101
-0.055591,-0.006046,0.860759
-0.040373,-0.004391,0.873418
-0.042034,-0.004572,0.886076
-0.047859,-0.005205,0.898734
-0.051306,-0.005580,0.911392
-0.051821,-0.005636,0.924051
-0.049160,-0.005347,0.936709
-0.043402,-0.004720,0.949367
-0.034916,-0.003797,0.962025
-0.024316,-0.002645,0.974684
-0.012387,-0.001347,0.987342
-0.000000,-0.000000,1.000000
-0.000000,-0.000000,0.000000
-0.011807,-0.003978,0.012658
-0.023179,-0.007810,0.025316
-0.033283,-0.011214,0.037975
-0.041372,-0.013940,0.050633
-0.046862,-0.015790,0.063291
-0.049398,-0.016644,0.075949
-0.048907,-0.016479,0.088608
-0.045621,-0.015372,0.101266
-0.040069,-0.013501,0.113924
-0.038485,-0.012967,0.126582
-0.052992,-0.017855,0.139241
-0.066836,-0.022520,0.151899
-0.078890,-0.026581,0.164557
-0.088123,-0.029692,0.177215
-0.093704,-0.031572,0.189873
-0.095102,-0.032044,0.202532
-0.092158,-0.031052,0.215190
-0.085130,-0.028684,0.227848
-0.074701,-0.025170,0.240506
-0.078505,-0.026452,0.253165
-0.098918,-0.033329,0.265823
-0.118564,-0.039949,0.278481
-0.135684,-0.045717,0.291139
-0.148551,-0.050053,0.303797
-0.155612,-0.052432,0.316456
-0.155630,-0.052438,0.329114
-0.147803,-0.049801,0.341772
-0.131858,-0.044428,0.354430
-0.108098,-0.036423,0.367089
-0.129551,-0.043651,0.379747
-0.172241,-0.058035,0.392405
-0.218480,-0.073614,0.405063
-0.266010,-0.089629,0.417722
-0.312377,-0.105252,0.430380
-0.355095,-0.119645,0.443038
-0.391828,-0.132022,0.455696
-0.420556,-0.141702,0.468354
-0.439718,-0.148158,0.481013
-0.448330,-0.151060,0.493671
-0.448330,-0.151060,0.506329
-0.439718,-0.148158,0.518987
-0.420556,-0.141702,0.531646
-0.391828,-0.132022,0.544304
-0.355095,-0.119645,0.556962
-0.312377,-0.105252,0.569620
-0.266010,-0.089629,0.582278
-0.218480,-0.073614,0.594937
-0.172241,-0.058035,0.607595
-0.129551,-0.043651,0.620253
-0.108098,-0.036423,0.632911
-0.131858,-0.044428,0.645570
-0.147803,-0.049801,0.658228
-0.155630,-0.052438,0.670886
-0.155612,-0.052432,0.683544
-0.148551,-0.050053,0.696203
-0.135684,-0.045717,0.708861
-0.118564,-0.039949,0.721519
-0.098918,-0.033329,0.734177
-0.078505,-0.026452,0.746835
-0.074701,-0.025170,0.759494
-0.085130,-0.028684,0.772152
-0.092158,-0.031052,0.784810
-0.095102,-0.032044,0.797468
-0.093704,-0.031572,0.810127
-0.088123,-0.029692,0.822785
-0.078890,-0.026581,0.835443
-0.066836,-0.022520,0.848101
-0.052992,-0.017855,0.860759
-0.038485,-0.012967,0.873418
-0.040069,-0.013501,0.886076
-0.045621,-0.015372,0.898734
-0.048907,-0.016479,0.911392
-0.049398,-0.016644,0.924051
-0.046862,-0.015790,0.936709
-0.041372,-0.013940,0.949367
-0.033283,-0.011214,0.962025
-0.023179,-0.007810,0.974684
-0.011807,-0.003978,0.987342
-0.000000,-0.000000,1.000000
-0.000000,-0.000000,0.000000
-0.010676,-0.006424,0.012658
-0.020958,-0.012610,0.025316
-0.030094,-0.018107,0.037975
-0.037409,-0.022508,0.050633
-0.042372,-0.025494,0.063291
-0.044665,-0.026874,0.075949
-0.044221,-0.026607,0.088608
-0.041250,-0.024819,0.101266
-0.036230,-0.021799,0.113924
-0.034798,-0.020937,0.126582
-0.047915,-0.028829,0.139241
-0.060432,-0.036361,0.151899
-0.071332,-0.042919,0.164557
-0.079680,-0.047942,0.177215
-0.084726,-0.050978,0.189873
-0.085990,-0.051738,0.202532
-0.083329,-0.050137,0.215190
-0.076974,-0.046314,0.227848
-0.067544,-0.040640,0.240506
-0.070984,-0.042710,0.253165
-0.089440,-0.053814,0.265823
-0.107204,-0.064503,0.278481
-0.122684,-0.073817,0.291139
-0.134318,-0.080817,0.303797
-0.140702,-0.084658,0.316456
-0.140718,-0.084667,0.329114
-0.133642,-0.080410,0.341772
-0.119225,-0.071735,0.354430
-0.097741,-0.058809,0.367089
-0.117139,-0.070480,0.379747
-0.155738,-0.093705,0.392405
-0.197547,-0.118860,0.405063
-0.240524,-0.144718,0.417722
-0.282447,-0.169943,0.430380
-0.321072,-0.193183,0.443038
-0.354286,-0.213167,0.455696
-0.380262,-0.228796,0.468354
-0.397588,-0.239221,0.481013
-0.405375,-0.243906,0.493671
-0.405375,-0.243906,0.506329
-0.397588,-0.239221,0.518987
-0.380262,-0.228796,0.531646
-0.354286,-0.213167,0.544304
-0.321072,-0.193183,0.556962
-0.282447,-0.169943,0.569620
-0.240524,-0.144718,0.582278
-0.197547,-0.118860,0.594937
-0.155738,-0.093705,0.607595
-0.117139,-0.070480,0.620253
-0.097741,-0.058809,0.632911
-0.119225,-0.071735,0.645570
-0.133642,-0.080410,0.658228
-0.140718,-0.084667,0.670886
-0.140702,-0.084658,0.683544
-0.134318,-0.080817,0.696203
-0.122684,-0.073817,0.708861
-0.107204,-0.064503,0.721519
-0.089440,-0.053814,0.734177
-0.070984,-0.042710,0.746835
-0.067544,-0.040640,0.759494
-0.076974,-0.046314,0.772152
-0.083329,-0.050137,0.784810
-0.085990,-0.051738,0.797468
-0.084726,-0.050978,0.810127
-0.079680,-0.047942,0.822785
-0.071332,-0.042919,0.835443
-0.060432,-0.036361,0.848101
-0.047915,-0.028829,0.860759
-0.034798,-0.020937,0.873418
-0.036230,-0.021799,0.886076
-0.041250,-0.024819,0.898734
-0.044221,-0.026607,0.911392
-0.044665,-0.026874,0.924051
-0.042372,-0.025494,0.936709
-0.037409,-0.022508,0.949367
-0.030094,-0.018107,0.962025
-0.020958,-0.012610,0.974684
-0.010676,-0.006424,0.987342
-0.000000,-0.000000,1.000000
-0.000000,-0.000000,0.000000
-0.009046,-0.008569,0.012658
-0.017757,-0.016821,0.025316
-0.025498,-0.024153,0.037975
-0.031695,-0.030023,0.050633
-0.035901,-0.034007,0.063291
-0.037843,-0.035847,0.075949
-0.037468,-0.035491,0.088608
-0.034950,-0.033107,0.101266
-0.030697,-0.029077,0.113924
-0.029483,-0.027928,0.126582
-0.040597,-0.038456,0.139241
-0.051203,-0.048502,0.151899
-0.060438,-0.057250,0.164557
-0.067511,-0.063950,0.177215
-0.071786,-0.067999,0.189873
-0.072857,-0.069014,0.202532
-0.070602,-0.066878,0.215190
-0.065218,-0.061778,0.227848
-0.057228,-0.054210,0.240506
-0.060143,-0.056970,0.253165
-0.075781,-0.071783,0.265823
-0.090831,-0.086040,0.278481
-0.103948,-0.098464,0.291139
-0.113805,-0.107802,0.303797
-0.119214,-0.112925,0.316456
-0.119228,-0.112938,0.329114
-0.113232,-0.107259,0.341772
-0.101016,-0.095688,0.354430
-0.082814,-0.078445,0.367089
-0.099249,-0.094014,0.379747
-0.131953,-0.124993,0.392405
-0.167377,-0.158548,0.405063
-0.203790,-0.193040,0.417722
-0.239311,-0.226688,0.430380
-0.272037,-0.257687,0.443038
-0.300179,-0.284345,0.455696
-0.322187,-0.305192,0.468354
-0.336867,-0.319097,0.481013
-0.343465,-0.325347,0.493671
-0.343465,-0.325347,0.506329
-0.336867,-0.319097,0.518987
-0.322187,-0.305192,0.531646
-0.300179,-0.284345,0.544304
-0.272037,-0.257687,0.556962
-0.239311,-0.226688,0.569620
-0.203790,-0.193040,0.582278
-0.167377,-0.158548,0.594937
-0.131953,-0.124993,0.607595
-0.099249,-0.094014,0.620253
-0.082814,-0.078445,0.632911
-0.101016,-0.095688,0.645570
-0.113232,-0.107259,0.658228
-0.119228,-0.112938,0.670886
-0.119214,-0.112925,0.683544
-0.113805,-0.107802,0.696203
-0.103948,-0.098464,0.708861
-0.090831,-0.086040,0.721519
-0.075781,-0.071783,0.734177
-0.060143,-0.056970,0.746835
-0.057228,-0.054210,0.759494
-0.065218,-0.061778,0.772152
-0.070602,-0.066878,0.784810
-0.072857,-0.069014,0.797468
-0.071786,-0.067999,0.810127
-0.067511,-0.063950,0.822785
-0.060438,-0.057250,0.835443
-0.051203,-0.048502,0.848101
-0.040597,-0.038456,0.860759
-0.029483,-0.027928,0.873418
-0.030697,-0.029077,0.886076
-0.034950,-0.033107,0.898734
-0.037468,-0.035491,0.911392
-0.037843,-0.035847,0.924051
-0.035901,-0.034007,0.936709
-0.031695,-0.030023,0.949367
-0.025498,-0.024153,0.962025
-0.017757,-0.016821,0.974684
-0.009046,-0.008569,0.987342
-0.000000,-0.000000,1.000000
-0.000000,-0.000000,0.000000
-0.006992,-0.010313,0.012658
-0.013726,-0.020245,0.025316
-0.019710,-0.029070,0.037975
-0.024500,-0.036135,0.050633
-0.027751,-0.040929,0.063291
-0.029253,-0.043144,0.075949
-0.028962,-0.042716,0.088608
-0.027016,-0.039846,0.101266
-0.023728,-0.034997,0.113924
-0.022790,-0.033613,0.126582
-0.031381,-0.046284,0.139241
-0.039579,-0.058375,0.151899
-0.046718,-0.068904,0.164557
-0.052185,-0.076967,0.177215
-0.055490,-0.081842,0.189873
-0.056318,-0.083063,0.202532
-0.054575,-0.080492,0.215190
-0.050413,-0.074354,0.227848
-0.044237,-0.065245,0.240506
-0.046490,-0.068567,0.253165
-0.058578,-0.086396,0.265823
-0.070212,-0.103555,0.278481
-0.080350,-0.118508,0.291139
-0.087970,-0.129746,0.303797
-0.092151,-0.135913,0.316456
-0.092162,-0.135928,0.329114
-0.087527,-0.129093,0.341772
-0.078085,-0.115166,0.354430
-0.064014,-0.094414,0.367089
-0.076718,-0.113151,0.379747
-0.101999,-0.150437,0.392405
-0.129381,-0.190822,0.405063
-0.157528,-0.232336,0.417722
-0.184985,-0.272833,0.430380
-0.210282,-0.310143,0.443038
-0.232035,-0.342226,0.455696
-0.249047,-0.367317,0.468354
-0.260395,-0.384054,0.481013
-0.265495,-0.391576,0.493671
-0.265495,-0.391576,0.506329
-0.260395,-0.384054,0.518987
-0.249047,-0.367317,0.531646
-0.232035,-0.342226,0.544304
-0.210282,-0.310143,0.556962
-0.184985,-0.272833,0.569620
-0.157528,-0.232336,0.582278
-0.129381,-0.190822,0.594937
-0.101999,-0.150437,0.607595
-0.076718,-0.113151,0.620253
-0.064014,-0.094414,0.632911
-0.078085,-0.115166,0.645570
-0.087527,-0.129093,0.658228
-0.092162,-0.135928,0.670886
-0.092151,-0.135913,0.683544
-0.087970,-0.129746,0.696203
-0.080350,-0.118508,0.708861
-0.070212,-0.103555,0.721519
-0.058578,-0.086396,0.734177
-0.046490,-0.068567,0.746835
-0.044237,-0.065245,0.759494
-0.050413,-0.074354,0.772152
-0.054575,-0.080492,0.784810
-0.056318,-0.083063,0.797468
-0.055490,-0.081842,0.810127
-0.052185,-0.076967,0.822785
-0.046718,-0.068904,0.835443
-0.039579,-0.058375,0.848101
-0.031381,-0.046284,0.860759
-0.022790,-0.033613,0.873418
-0.023728,-0.034997,0.886076
-0.027016,-0.039846,0.898734
-0.028962,-0.042716,0.911392
-0.029253,-0.043144,0.924051
-0.027751,-0.040929,0.936709
-0.024500,-0.036135,0.949367
-0.019710,-0.029070,0.962025
-0.013726,-0.020245,0.974684
-0.006992,-0.010313,0.987342
-0.000000,-0.000000,1.000000
-0.000000,-0.000000,0.000000
-0.004612,-0.011575,0.012658
-0.009053,-0.022722,0.025316
-0.013000,-0.032627,0.037975
-0.016159,-0.040557,0.050633
-0.018303,-0.045938,0.063291
-0.019294,-0.048424,0.075949
-0.019102,-0.047943,0.088608
-0.017819,-0.044722,0.101266
-0.015650,-0.039279,0.113924
-0.015032,-0.037726,0.126582
-0.020698,-0.051948,0.139241
-0.026105,-0.065519,0.151899
-0.030813,-0.077336,0.164557
-0.034419,-0.086386,0.177215
-0.036599,-0.091857,0.189873
-0.037145,-0.093228,0.202532
-0.035996,-0.090342,0.215190
-0.033251,-0.083453,0.227848
-0.029177,-0.073229,0.240506
-0.030663,-0.076958,0.253165
-0.038636,-0.096968,0.265823
-0.046309,-0.116227,0.278481
-0.052996,-0.133010,0.291139
-0.058022,-0.145624,0.303797
-0.060779,-0.152545,0.316456
-0.060786,-0.152562,0.329114
-0.057730,-0.144890,0.341772
-0.051502,-0.129259,0.354430
-0.042221,-0.105968,0.367089
-0.050601,-0.126998,0.379747
-0.067275,-0.168846,0.392405
-0.085335,-0.214174,0.405063
-0.103899,-0.260768,0.417722
-0.122009,-0.306220,0.430380
-0.138694,-0.348096,0.443038
-0.153042,-0.384106,0.455696
-0.164262,-0.412267,0.468354
-0.171747,-0.431052,0.481013
-0.175111,-0.439494,0.493671
-0.175111,-0.439494,0.506329
-0.171747,-0.431052,0.518987
-0.164262,-0.412267,0.531646
-0.153042,-0.384106,0.544304
-0.138694,-0.348096,0.556962
-0.122009,-0.306220,0.569620
-0.103899,-0.260768,0.582278
-0.085335,-0.214174,0.594937
-0.067275,-0.168846,0.607595
-0.050601,-0.126998,0.620253
-0.042221,-0.105968,0.632911
-0.051502,-0.129259,0.645570
-0.057730,-0.144890,0.658228
-0.060786,-0.152562,0.670886
-0.060779,-0.152545,0.683544
-0.058022,-0.145624,0.696203
-0.052996,-0.133010,0.708861
-0.046309,-0.116227,0.721519
-0.038636,-0.096968,0.734177
-0.030663,-0.076958,0.746835
-0.029177,-0.073229,0.759494
-0.033251,-0.083453,0.772152
-0.035996,-0.090342,0.784810
-0.037145,-0.093228,0.797468
-0.036599,-0.091857,0.810127
-0.034419,-0.086386,0.822785
-0.030813,-0.077336,0.835443
-0.026105,-0.065519,0.848101
-0.020698,-0.051948,0.860759
-0.015032,-0.037726,0.873418
-0.015650,-0.039279,0.886076
-0.017819,-0.044722,0.898734
-0.019102,-0.047943,0.911392
-0.019294,-0.048424,0.924051
-0.018303,-0.045938,0.936709
-0.016159,-0.040557,0.949367
-0.013000,-0.032627,0.962025
-0.009053,-0.022722,0.974684
-0.004612,-0.011575,0.987342
-0.000000,-0.000000,1.000000
-0.000000,-0.000000,0.000000
-0.002016,-0.012296,0.012658
-0.003957,-0.024137,0.025316
-0.005682,-0.034659,0.037975
-0.007063,-0.043083,0.050633
-0.008000,-0.048799,0.063291
-0.008433,-0.051440,0.075949
-0.008349,-0.050929,0.088608
-0.007788,-0.047507,0.101266
-0.006840,-0.041725,0.113924
-0.006570,-0.040076,0.126582
-0.009047,-0.055182,0.139241
-0.011410,-0.069599,0.151899
-0.013468,-0.082152,0.164557
-0.015044,-0.091765,0.177215
-0.015997,-0.097577,0.189873
-0.016236,-0.099033,0.202532
-0.015733,-0.095968,0.215190
-0.014533,-0.088649,0.227848
-0.012753,-0.077789,0.240506
-0.013402,-0.081751,0.253165
-0.016887,-0.103007,0.265823
-0.020241,-0.123465,0.278481
-0.023164,-0.141293,0.291139
-0.025360,-0.154692,0.303797
-0.026566,-0.162044,0.316456
-0.026569,-0.162063,0.329114
-0.025233,-0.153913,0.341772
-0.022511,-0.137309,0.354430
-0.018454,-0.112567,0.367089
-0.022117,-0.134907,0.379747
-0.029405,-0.179361,0.392405
-0.037299,-0.227511,0.405063
-0.045413,-0.277007,0.417722
-0.053328,-0.325289,0.430380
-0.060621,-0.369773,0.443038
-0.066892,-0.408025,0.455696
-0.071797,-0.437940,0.468354
-0.075068,-0.457895,0.481013
-0.076538,-0.466863,0.493671
-0.076538,-0.466863,0.506329
-0.075068,-0.457895,0.518987
-0.071797,-0.437940,0.531646
-0.066892,-0.408025,0.544304
-0.060621,-0.369773,0.556962
-0.053328,-0.325289,0.569620
-0.045413,-0.277007,0.582278
-0.037299,-0.227511,0.594937
-0.029405,-0.179361,0.607595
-0.022117,-0.134907,0.620253
-0.018454,-0.112567,0.632911
-0.022511,-0.137309,0.645570
-0.025233,-0.153913,0.658228
-0.026569,-0.162063,0.670886
-0.026566,-0.162044,0.683544
-0.025360,-0.154692,0.696203
-0.023164,-0.141293,0.708861
-0.020241,-0.123465,0.721519
-0.016887,-0.103007,0.734177
-0.013402,-0.081751,0.746835
-0.012753,-0.077789,0.759494
-0.014533,-0.088649,0.772152
-0.015733,-0.095968,0.784810
-0.016236,-0.099033,0.797468
-0.015997,-0.097577,0.810127
-0.015044,-0.091765,0.822785
-0.013468,-0.082152,0.835443
-0.011410,-0.069599,0.848101
-0.009047,-0.055182,0.860759
-0.006570,-0.040076,0.873418
-0.006840,-0.041725,0.886076
-0.007788,-0.047507,0.898734
-0.008349,-0.050929,0.911392
-0.008433,-0.051440,0.924051
-0.008000,-0.048799,0.936709
-0.007063,-0.043083,0.949367
-0.005682,-0.034659,0.962025
-0.003957,-0.024137,0.974684
-0.002016,-0.012296,0.987342
-0.000000,-0.000000,1.000000
0.000000,-0.000000,0.000000
0.000675,-0.012441,0.012658
0.001324,-0.024424,0.025316
0.001901,-0.035070,0.037975
0.002364,-0.043594,0.050633
0.002677,-0.049378,0.063291
0.002822,-0.052050,0.075949
0.002794,-0.051533,0.088608
0.002606,-0.048071,0.101266
0.002289,-0.042220,0.113924
0.002199,-0.040551,0.126582
0.003027,-0.055837,0.139241
0.003818,-0.070425,0.151899
0.004507,-0.083126,0.164557
0.005034,-0.092854,0.177215
0.005353,-0.098735,0.189873
0.005433,-0.100208,0.202532
0.005265,-0.097106,0.215190
0.004863,-0.089701,0.227848
0.004268,-0.078712,0.240506
0.004485,-0.082721,0.253165
0.005651,-0.104229,0.265823
0.006773,-0.124930,0.278481
0.007752,-0.142969,0.291139
0.008487,-0.156527,0.303797
0.008890,-0.163967,0.316456
0.008891,-0.163985,0.329114
0.008444,-0.155739,0.341772
0.007533,-0.138938,0.354430
0.006176,-0.113902,0.367089
0.007401,-0.136507,0.379747
0.009840,-0.181489,0.392405
0.012482,-0.230210,0.405063
0.015197,-0.280293,0.417722
0.017846,-0.329148,0.430380
0.020286,-0.374160,0.443038
0.022385,-0.412866,0.455696
0.024026,-0.443136,0.468354
0.025121,-0.463327,0.481013
0.025613,-0.472401,0.493671
0.025613,-0.472401,0.506329
0.025121,-0.463327,0.518987
0.024026,-0.443136,0.531646
0.022385,-0.412866,0.544304
0.020286,-0.374160,0.556962
0.017846,-0.329148,0.569620
0.015197,-0.280293,0.582278
0.012482,-0.230210,0.594937
0.009840,-0.181489,0.607595
0.007401,-0.136507,0.620253
0.006176,-0.113902,0.632911
0.007533,-0.138938,0.645570
0.008444,-0.155739,0.658228
0.008891,-0.163985,0.670886
0.008890,-0.163967,0.683544
0.008487,-0.156527,0.696203
0.007752,-0.142969,0.708861
0.006773,-0.124930,0.721519
0.005651,-0.104229,0.734177
0.004485,-0.082721,0.746835
0.004268,-0.078712,0.759494
0.004863,-0.089701,0.772152
0.005265,-0.097106,0.784810
0.005433,-0.100208,0.797468
0.005353,-0.098735,0.810127
0.005034,-0.092854,0.822785
0.004507,-0.083126,0.835443
0.003818,-0.070425,0.848101
0.003027,-0.055837,0.860759
0.002199,-0.040551,0.873418
0.002289,-0.042220,0.886076
0.002606,-0.048071,0.898734
0.002794,-0.051533,0.911392
0.002822,-0.052050,0.924051
0.002677,-0.049378,0.936709
0.002364,-0.043594,0.949367
0.001901,-0.035070,0.962025
0.001324,-0.024424,0.974684
0.000675,-0.012441,0.987342
0.000000,-0.000000,1.000000
0.000000,-0.000000,0.000000
0.003333,-0.012006,0.012658
0.006544,-0.023568,0.025316
0.009396,-0.033842,0.037975
0.011680,-0.042067,0.050633
0.013229,-0.047648,0.063291
0.013945,-0.050226,0.075949
0.013807,-0.049728,0.088608
0.012879,-0.046386,0.101266
0.011312,-0.040741,0.113924
0.010865,-0.039131,0.126582
0.014960,-0.053881,0.139241
0.018868,-0.067957,0.151899
0.022271,-0.080214,0.164557
0.024878,-0.089601,0.177215
0.026453,-0.095275,0.189873
0.026848,-0.096697,0.202532
0.026017,-0.093704,0.215190
0.024033,-0.086558,0.227848
0.021089,-0.075954,0.240506
0.022163,-0.079822,0.253165
0.027925,-0.100577,0.265823
0.033471,-0.120553,0.278481
0.038305,-0.137960,0.291139
0.041937,-0.151043,0.303797
0.043930,-0.158222,0.316456
0.043935,-0.158240,0.329114
0.041726,-0.150283,0.341772
0.037224,-0.134070,0.354430
0.030517,-0.109912,0.367089
0.036573,-0.131724,0.379747
0.048625,-0.175130,0.392405
0.061678,-0.222145,0.405063
0.075096,-0.270473,0.417722
0.088186,-0.317617,0.430380
0.100245,-0.361051,0.443038
0.110615,-0.398401,0.455696
0.118725,-0.427611,0.468354
0.124135,-0.447094,0.481013
0.126566,-0.455851,0.493671
0.126566,-0.455851,0.506329
0.124135,-0.447094,0.518987
0.118725,-0.427611,0.531646
0.110615,-0.398401,0.544304
0.100245,-0.361051,0.556962
0.088186,-0.317617,0.569620
0.075096,-0.270473,0.582278
0.061678,-0.222145,0.594937
0.048625,-0.175130,0.607595
0.036573,-0.131724,0.620253
0.030517,-0.109912,0.632911
0.037224,-0.134070,0.645570
0.041726,-0.150283,0.658228
0.043935,-0.158240,0.670886
0.043930,-0.158222,0.683544
0.041937,-0.151043,0.696203
0.038305,-0.137960,0.708861
0.033471,-0.120553,0.721519
0.027925,-0.100577,0.734177
0.022163,-0.079822,0.746835
0.021089,-0.075954,0.759494
0.024033,-0.086558,0.772152
0.026017,-0.093704,0.784810
0.026848,-0.096697,0.797468
0.026453,-0.095275,0.810127
0.024878,-0.089601,0.822785
0.022271,-0.080214,0.835443
0.018868,-0.067957,0.848101
0.014960,-0.053881,0.860759
0.010865,-0.039131,0.873418
0.011312,-0.040741,0.886076
0.012879,-0.046386,0.898734
0.013807,-0.049728,0.911392
0.013945,-0.050226,0.924051
0.013229,-0.047648,0.936709
0.011680,-0.042067,0.949367
0.009396,-0.033842,0.962025
0.006544,-0.023568,0.974684
0.003333,-0.012006,0.987342
0.000000,-0.000000,1.000000
0.000000,-0.000000,0.000000
0.005836,-0.011008,0.012658
0.011457,-0.021610,0.025316
0.016451,-0.031031,0.037975
0.020450,-0.038572,0.050633
0.023163,-0.043690,0.063291
0.024416,-0.046054,0.075949
0.024174,-0.045597,0.088608
0.022550,-0.042533,0.101266
0.019805,-0.037357,0.113924
0.019022,-0.035880,0.126582
0.026193,-0.049405,0.139241
0.033036,-0.062312,0.151899
0.038994,-0.073551,0.164557
0.043558,-0.082158,0.177215
0.046316,-0.087361,0.189873
0.047007,-0.088665,0.202532
0.045552,-0.085921,0.215190
0.042078,-0.079368,0.227848
0.036923,-0.069645,0.240506
0.038804,-0.073192,0.253165
0.048893,-0.092223,0.265823
0.058604,-0.110539,0.278481
0.067066,-0.126501,0.291139
0.073426,-0.138497,0.303797
0.076916,-0.145079,0.316456
0.076925,-0.145096,0.329114
0.073057,-0.137799,0.341772
0.065175,-0.122933,0.354430
0.053431,-0.100782,0.367089
0.064035,-0.120783,0.379747
0.085136,-0.160583,0.392405
0.107991,-0.203692,0.405063
0.131484,-0.248006,0.417722
0.154402,-0.291234,0.430380
0.175517,-0.331060,0.443038
0.193674,-0.365308,0.455696
0.207873,-0.392091,0.468354
0.217345,-0.409956,0.481013
0.221602,-0.417985,0.493671
0.221602,-0.417985,0.506329
0.217345,-0.409956,0.518987
0.207873,-0.392091,0.531646
0.193674,-0.365308,0.544304
0.175517,-0.331060,0.556962
0.154402,-0.291234,0.569620
0.131484,-0.248006,0.582278
0.107991,-0.203692,0.594937
0.085136,-0.160583,0.607595
0.064035,-0.120783,0.620253
0.053431,-0.100782,0.632911
0.065175,-0.122933,0.645570
0.073057,-0.137799,0.658228
0.076925,-0.145096,0.670886
0.076916,-0.145079,0.683544
0.073426,-0.138497,0.696203
0.067066,-0.126501,0.708861
0.058604,-0.110539,0.721519
0.048893,-0.092223,0.734177
0.038804,-0.073192,0.746835
0.036923,-0.069645,0.759494
0.042078,-0.079368,0.772152
0.045552,-0.085921,0.784810
0.047007,-0.088665,0.797468
0.046316,-0.087361,0.810127
0.043558,-0.082158,0.822785
0.038994,-0.073551,0.835443
0.033036,-0.062312,0.848101
0.026193,-0.049405,0.860759
0.019022,-0.035880,0.873418
0.019805,-0.037357,0.886076
0.022550,-0.042533,0.898734
0.024174,-0.045597,0.911392
0.024416,-0.046054,0.924051
0.023163,-0.043690,0.936709
0.020450,-0.038572,0.949367
0.016451,-0.031031,0.962025
0.011457,-0.021610,0.974684
0.005836,-0.011008,0.987342
0.000000,-0.000000,1.000000
0.000000,-0.000000,0.000000
0.008066,-0.009496,0.012658
0.015835,-0.018642,0.025316
0.022737,-0.026769,0.037975
0.028263,-0.033274,0.050633
0.032013,-0.037689,0.063291
0.033746,-0.039729,0.075949
0.033411,-0.039334,0.088608
0.031166,-0.036691,0.101266
0.027373,-0.032226,0.113924
0.026291,-0.030952,0.126582
0.036201,-0.042619,0.139241
0.045659,-0.053754,0.151899
0.053894,-0.063449,0.164557
0.060201,-0.070874,0.177215
0.064013,-0.075362,0.189873
0.064969,-0.076487,0.202532
0.062958,-0.074120,0.215190
0.058157,-0.068467,0.227848
0.051032,-0.060079,0.240506
0.053631,-0.063139,0.253165
0.067575,-0.079556,0.265823
0.080996,-0.095356,0.278481
0.092692,-0.109126,0.291139
0.101482,-0.119474,0.303797
0.106306,-0.125153,0.316456
0.106318,-0.125167,0.329114
0.100971,-0.118873,0.341772
0.090078,-0.106049,0.354430
0.073847,-0.086939,0.367089
0.088503,-0.104193,0.379747
0.117666,-0.138527,0.392405
0.149254,-0.175715,0.405063
0.181724,-0.213942,0.417722
0.213399,-0.251233,0.430380
0.242582,-0.285589,0.443038
0.267676,-0.315133,0.455696
0.287301,-0.338237,0.468354
0.300392,-0.353649,0.481013
0.306275,-0.360575,0.493671
0.306275,-0.360575,0.506329
0.300392,-0.353649,0.518987
0.287301,-0.338237,0.531646
0.267676,-0.315133,0.544304
0.242582,-0.285589,0.556962
0.213399,-0.251233,0.569620
0.181724,-0.213942,0.582278
0.149254,-0.175715,0.594937
0.117666,-0.138527,0.607595
0.088503,-0.104193,0.620253
0.073847,-0.086939,0.632911
0.090078,-0.106049,0.645570
0.100971,-0.118873,0.658228
0.106318,-0.125167,0.670886
0.106306,-0.125153,0.683544
0.101482,-0.119474,0.696203
0.092692,-0.109126,0.708861
0.080996,-0.095356,0.721519
0.067575,-0.079556,0.734177
0.053631,-0.063139,0.746835
0.051032,-0.060079,0.759494
0.058157,-0.068467,0.772152
0.062958,-0.074120,0.784810
0.064969,-0.076487,0.797468
0.064013,-0.075362,0.810127
0.060201,-0.070874,0.822785
0.053894,-0.063449,0.835443
0.045659,-0.053754,0.848101
0.036201,-0.042619,0.860759
0.026291,-0.030952,0.873418
0.027373,-0.032226,0.886076
0.031166,-0.036691,0.898734
0.033411,-0.039334,0.911392
0.033746,-0.039729,0.924051
0.032013,-0.037689,0.936709
0.028263,-0.033274,0.949367
0.022737,-0.026769,0.962025
0.015835,-0.018642,0.974684
0.008066,-0.009496,0.987342
0.000000,-0.000000,1.000000
0.000000,-0.000000,0.000000
0.009919,-0.007540,0.012658
0.019472,-0.014802,0.025316
0.027960,-0.021255,0.037975
0.034756,-0.026421,0.050633
0.039367,-0.029926,0.063291
0.041497,-0.031545,0.075949
0.041085,-0.031232,0.088608
0.038325,-0.029134,0.101266
0.033661,-0.025588,0.113924
0.032330,-0.024577,0.126582
0.044517,-0.033841,0.139241
0.056147,-0.042682,0.151899
0.066273,-0.050380,0.164557
0.074029,-0.056275,0.177215
0.078717,-0.059839,0.189873
0.079892,-0.060732,0.202532
0.077419,-0.058853,0.215190
0.071515,-0.054364,0.227848
0.062754,-0.047704,0.240506
0.065950,-0.050134,0.253165
0.083098,-0.063169,0.265823
0.099602,-0.075715,0.278481
0.113984,-0.086648,0.291139
0.124793,-0.094865,0.303797
0.130725,-0.099374,0.316456
0.130739,-0.099386,0.329114
0.124165,-0.094388,0.341772
0.110770,-0.084205,0.354430
0.090810,-0.069032,0.367089
0.108832,-0.082732,0.379747
0.144694,-0.109994,0.392405
0.183538,-0.139522,0.405063
0.223467,-0.169875,0.417722
0.262418,-0.199485,0.430380
0.298304,-0.226764,0.443038
0.329162,-0.250223,0.455696
0.353295,-0.268568,0.468354
0.369393,-0.280805,0.481013
0.376628,-0.286305,0.493671
0.376628,-0.286305,0.506329
0.369393,-0.280805,0.518987
0.353295,-0.268568,0.531646
0.329162,-0.250223,0.544304
0.298304,-0.226764,0.556962
0.262418,-0.199485,0.569620
0.223467,-0.169875,0.582278
0.183538,-0.139522,0.594937
0.144694,-0.109994,0.607595
0.108832,-0.082732,0.620253
0.090810,-0.069032,0.632911
0.110770,-0.084205,0.645570
0.124165,-0.094388,0.658228
0.130739,-0.099386,0.670886
0.130725,-0.099374,0.683544
0.124793,-0.094865,0.696203
0.113984,-0.086648,0.708861
0.099602,-0.075715,0.721519
0.083098,-0.063169,0.734177
0.065950,-0.050134,0.746835
0.062754,-0.047704,0.759494
0.071515,-0.054364,0.772152
0.077419,-0.058853,0.784810
0.079892,-0.060732,0.797468
0.078717,-0.059839,0.810127
0.074029,-0.056275,0.822785
0.066273,-0.050380,0.835443
0.056147,-0.042682,0.848101
0.044517,-0.033841,0.860759
0.032330,-0.024577,0.873418
0.033661,-0.025588,0.886076
0.038325,-0.029134,0.898734
0.041085,-0.031232,0.911392
0.041497,-0.031545,0.924051
0.039367,-0.029926,0.936709
0.034756,-0.026421,0.949367
0.027960,-0.021255,0.962025
0.019472,-0.014802,0.974684
0.009919,-0.007540,0.987342
0.000000,-0.000000,1.000000
0.000000,-0.000000,0.000000
0.011308,-0.005232,0.012658
0.022199,-0.010270,0.025316
0.031876,-0.014747,0.037975
0.039623,-0.018331,0.050633
0.044880,-0.020764,0.063291
0.047308,-0.021887,0.075949
0.046839,-0.021670,0.088608
0.043692,-0.020214,0.101266
0.038374,-0.017754,0.113924
0.036857,-0.017052,0.126582
0.050751,-0.023480,0.139241
0.064010,-0.029614,0.151899
0.075554,-0.034955,0.164557
0.084396,-0.039046,0.177215
0.089741,-0.041518,0.189873
0.091080,-0.042138,0.202532
0.088261,-0.040834,0.215190
0.081530,-0.037720,0.227848
0.071542,-0.033099,0.240506
0.075185,-0.034784,0.253165
0.094734,-0.043829,0.265823
0.113550,-0.052534,0.278481
0.129946,-0.060119,0.291139
0.142269,-0.065821,0.303797
0.149031,-0.068949,0.316456
0.149048,-0.068957,0.329114
0.141552,-0.065489,0.341772
0.126282,-0.058424,0.354430
0.103527,-0.047896,0.367089
0.124072,-0.057402,0.379747
0.164957,-0.076317,0.392405
0.209240,-0.096805,0.405063
0.254760,-0.117865,0.417722
0.299166,-0.138409,0.430380
0.340077,-0.157336,0.443038
0.375257,-0.173612,0.455696
0.402770,-0.186341,0.468354
0.421121,-0.194832,0.481013
0.429370,-0.198648,0.493671
0.429370,-0.198648,0.506329
0.421121,-0.194832,0.518987
0.402770,-0.186341,0.531646
0.375257,-0.173612,0.544304
0.340077,-0.157336,0.556962
0.299166,-0.138409,0.569620
0.254760,-0.117865,0.582278
0.209240,-0.096805,0.594937
0.164957,-0.076317,0.607595
0.124072,-0.057402,0.620253
0.103527,-0.047896,0.632911
0.126282,-0.058424,0.645570
0.141552,-0.065489,0.658228
0.149048,-0.068957,0.670886
0.149031,-0.068949,0.683544
0.142269,-0.065821,0.696203
0.129946,-0.060119,0.708861
0.113550,-0.052534,0.721519
0.094734,-0.043829,0.734177
0.075185,-0.034784,0.746835
0.071542,-0.033099,0.759494
0.081530,-0.037720,0.772152
0.088261,-0.040834,0.784810
0.091080,-0.042138,0.797468
0.089741,-0.041518,0.810127
0.084396,-0.039046,0.822785
0.075554,-0.034955,0.835443
0.064010,-0.029614,0.848101
0.050751,-0.023480,0.860759
0.036857,-0.017052,0.873418
0.038374,-0.017754,0.886076
0.043692,-0.020214,0.898734
0.046839,-0.021670,0.911392
0.047308,-0.021887,0.924051
0.044880,-0.020764,0.936709
0.039623,-0.018331,0.949367
0.031876,-0.014747,0.962025
0.022199,-0.010270,0.974684
0.011308,-0.005232,0.987342
0.000000,-0.000000,1.000000
0.000000,-0.000000,0.000000
0.012168,-0.002678,0.012658
0.023888,-0.005258,0.025316
0.034301,-0.007550,0.037975
0.042637,-0.009385,0.050633
0.048294,-0.010630,0.063291
0.050908,-0.011206,0.075949
0.050402,-0.011094,0.088608
0.047016,-0.010349,0.101266
0.041294,-0.009089,0.113924
0.039661,-0.008730,0.126582
0.054612,-0.012021,0.139241
0.068879,-0.015161,0.151899
0.081302,-0.017896,0.164557
0.090816,-0.019990,0.177215
0.096568,-0.021256,0.189873
0.098009,-0.021573,0.202532
0.094975,-0.020906,0.215190
0.087733,-0.019311,0.227848
0.076985,-0.016946,0.240506
0.080905,-0.017809,0.253165
0.101942,-0.022439,0.265823
0.122188,-0.026896,0.278481
0.139832,-0.030779,0.291139
0.153092,-0.033698,0.303797
0.160368,-0.035300,0.316456
0.160387,-0.035304,0.329114
0.152321,-0.033528,0.341772
0.135889,-0.029911,0.354430
0.111403,-0.024522,0.367089
0.133511,-0.029388,0.379747
0.177506,-0.039072,0.392405
0.225158,-0.049561,0.405063
0.274142,-0.060343,0.417722
0.321925,-0.070861,0.430380
0.365949,-0.080551,0.443038
0.403805,-0.088884,0.455696
0.433411,-0.095401,0.468354
0.453159,-0.099748,0.481013
0.462035,-0.101701,0.493671
0.462035,-0.101701,0.506329
0.453159,-0.099748,0.518987
0.433411,-0.095401,0.531646
0.403805,-0.088884,0.544304
0.365949,-0.080551,0.556962
0.321925,-0.070861,0.569620
0.274142,-0.060343,0.582278
0.225158,-0.049561,0.594937
0.177506,-0.039072,0.607595
0.133511,-0.029388,0.620253
0.111403,-0.024522,0.632911
0.135889,-0.029911,0.645570
0.152321,-0.033528,0.658228
0.160387,-0.035304,0.670886
0.160368,-0.035300,0.683544
0.153092,-0.033698,0.696203
0.139832,-0.030779,0.708861
0.122188,-0.026896,0.721519
0.101942,-0.022439,0.734177
0.080905,-0.017809,0.746835
0.076985,-0.016946,0.759494
0.087733,-0.019311,0.772152
0.094975,-0.020906,0.784810
0.098009,-0.021573,0.797468
0.096568,-0.021256,0.810127
0.090816,-0.019990,0.822785
0.081302,-0.017896,0.835443
0.068879,-0.015161,0.848101
0.054612,-0.012021,0.860759
0.039661,-0.008730,0.873418
0.041294,-0.009089,0.886076
0.047016,-0.010349,0.898734
0.050402,-0.011094,0.911392
0.050908,-0.011206,0.924051
0.048294,-0.010630,0.936709
0.042637,-0.009385,0.949367
0.034301,-0.007550,0.962025
0.023888,-0.005258,0.974684
0.012168,-0.002678,0.987342
0.000000,-0.000000,1.000000
0.000000,0.000000,0.000000
0.012460,0.000000,0.012658
0.024459,0.000000,0.025316
0.035122,0.000000,0.037975
0.043658,0.000000,0.050633
0.049450,0.000000,0.063291
0.052126,0.000000,0.075949
0.051609,0.000000,0.088608
0.048141,0.000000,0.101266
0.042282,0.000000,0.113924
0.040611,0.000000,0.126582
0.055919,0.000000,0.139241
0.070528,0.000000,0.151899
0.083248,0.000000,0.164557
0.092990,0.000000,0.177215
0.098880,0.000000,0.189873
0.100355,0.000000,0.202532
0.097249,0.000000,0.215190
0.089833,0.000000,0.227848
0.078827,0.000000,0.240506
0.082842,0.000000,0.253165
0.104382,0.000000,0.265823
0.125113,0.000000,0.278481
0.143179,0.000000,0.291139
0.156757,0.000000,0.303797
0.164208,0.000000,0.316456
0.164226,0.000000,0.329114
0.155968,0.000000,0.341772
0.139142,0.000000,0.354430
0.114069,0.000000,0.367089
0.136707,0.000000,0.379747
0.181755,0.000000,0.392405
0.230549,0.000000,0.405063
0.280704,0.000000,0.417722
0.329632,0.000000,0.430380
0.374709,0.000000,0.443038
0.413472,0.000000,0.455696
0.443787,0.000000,0.468354
0.464007,0.000000,0.481013
0.473095,0.000000,0.493671
0.473095,0.000000,0.506329
0.464007,0.000000,0.518987
0.443787,0.000000,0.531646
0.413472,0.000000,0.544304
0.374709,0.000000,0.556962
0.329632,0.000000,0.569620
0.280704,0.000000,0.582278
0.230549,0.000000,0.594937
0.181755,0.000000,0.607595
0.136707,0.000000,0.620253
0.114069,0.000000,0.632911
0.139142,0.000000,0.645570
0.155968,0.000000,0.658228
0.164226,0.000000,0.670886
0.164208,0.000000,0.683544
0.156757,0.000000,0.696203
0.143179,0.000000,0.708861
0.125113,0.000000,0.721519
0.104382,0.000000,0.734177
0.082842,0.000000,0.746835
0.078827,0.000000,0.759494
0.089833,0.000000,0.772152
0.097249,0.000000,0.784810
0.100355,0.000000,0.797468
0.098880,0.000000,0.810127
0.092990,0.000000,0.822785
0.083248,0.000000,0.835443
0.070528,0.000000,0.848101
0.055919,0.000000,0.860759
0.040611,0.000000,0.873418
0.042282,0.000000,0.886076
0.048141,0.000000,0.898734
0.051609,0.000000,0.911392
0.052126,0.000000,0.924051
0.049450,0.000000,0.936709
0.043658,0.000000,0.949367
0.035122,0.000000,0.962025
0.024459,0.000000,0.974684
0.012460,0.000000,0.987342
0.000000,0.000000,1.000000
